0.326425076123
0.308476845845
0.3066221172
0.303766660628
0.297658598961
0.296419592182
0.295923410913
0.295154791711
0.294393258518
0.29390293753
0.293601917683
0.293339498202
0.293052590716
0.29274662773
0.292451146416
0.292185180119
0.29195158329
0.2917499196
0.291583374802
0.291455010742
0.291363105506
0.291301321881
0.291261687285
0.291237053794
0.291222046077
0.291213008917
0.291207599295
0.291204366538
0.291202430445
0.291201263111
0.291200549954
0.29120010413
0.291199814815
0.291199616268
0.291199469438
0.291199351058
0.29119924719
0.291199149405
0.29119905252
0.291198953265
0.291198849487
0.291198739677
0.291198622699
0.291198497614
0.291198363586
0.291198219821
0.291198065528
0.291197899898
0.291197722089
0.291197531216
0.291197326341
0.291197106472
0.291196870557
0.291196617478
0.29119634605
0.291196055017
0.291195743047
0.291195408735
0.291195050594
0.291194667056
0.29119425647
0.291193817101
0.291193347129
0.291192844647
0.291192307664
0.291191734105
0.291191121815
0.29119046856
0.291189772034
0.291189029865
0.291188239622
0.291187398826
0.291186504962
0.291185555492
0.291184547872
0.291183479569
0.291182348086
0.291181150982
0.291179885901
0.291178550599
0.291177142979
0.29117566112
0.29117410332
0.291172468127
0.291170754381
0.291168961255
0.291167088292
0.291165135448
0.291163103122
0.291160992199
0.291158804074
0.291156540681
0.291154204513
0.291151798634
0.291149326683
0.291146792872
0.291144201973
0.291141559294
0.291138870646
0.291136142301
0.291133380937
0.291130593582
0.291127787542
0.291124970326
0.29112214957
0.291119332949
0.291116528099
0.291113742533
0.291110983559
0.291108258206
0.291105573157
0.291102934684
0.291100348597
0.291097820203
0.291095354267
0.291092954994
0.29109062601
0.291088370364
0.291086190528
0.291084088412
0.291082065384
0.291080122294
0.29107825951
0.291076476947
0.291074774109
0.291073150124
0.291071603791
0.291070133612
0.291068737841
0.291067414512
0.291066161485
0.291064976473
0.291063857081
0.291062800829
0.291061805182
0.291060867576
0.291059985435
0.291059156192
0.291058377307
0.291057646278
0.291056960655
0.291056318048
0.291055716136
0.291055152674
0.291054625496
0.29105413252
0.29105367175
0.291053241274
0.291052839271
0.291052464005
0.291052113826
0.291051787169
0.291051482551
0.291051198571
0.291050933903
0.291050687297
0.291050457578
0.291050243636
0.291050044429
0.29104985898
0.291049686368
0.291049525733
0.291049376267
0.291049237214
0.291049107866
0.291048987561
0.291048875679
0.291048771643
0.291048674912
0.291048584982
0.291048501382
0.291048423672
0.291048351444
0.291048284314
0.291048221929
0.291048163954
0.291048110083
0.291048060027
0.291048013518
0.291047970307
0.291047930161
0.291047892866
0.291047858218
0.291047826033
0.291047796135
0.291047768363
0.291047742566
0.291047718605
0.291047696349
0.291047675678
0.291047656479
0.291047638647
0.291047622086
0.291047606705
0.291047592421
0.291047579154
0.291047566834
0.291047555392
0.291047544766
0.291047534899
