0.400155451561
0.234412489844
0.206029811982
0.192577287803
0.185964240985
0.182516985645
0.180619282771
0.179575282255
0.178954868511
0.178574015967
0.178343575459
0.178206739488
0.178126110017
0.178078522945
0.178050232551
0.178033247418
0.17802294884
0.178016644305
0.178012751215
0.178010328773
0.178008811359
0.178007855324
0.178007249903
0.178006864696
0.178006618509
0.178006460609
0.178006358949
0.178006293246
0.178006250616
0.178006222841
0.178006204664
0.17800619271
0.178006184807
0.178006179552
0.178006176035
0.178006173665
0.178006172056
0.178006170955
0.178006170195
0.178006169666
0.178006169294
0.178006169031
0.178006168843
0.178006168707
0.178006168608
