1.18793916892
0.930134399846
0.909223360084
0.903503863452
0.900955180494
0.899602965775
0.898814729349
0.898321749668
0.897991432199
0.89775592098
0.897579403385
0.897442040948
0.897331865366
0.897241491092
0.897166240757
0.897102723075
0.897048620369
0.897002073271
0.896961601005
0.896926190992
0.896894822759
0.896866552661
0.896840795769
0.896817036252
0.896794858526
0.896773872653
0.896753723255
0.896734156545
0.896714920445
0.89669572173
0.896676505682
0.896657151632
0.896637410028
0.89661718312
0.896596617492
0.896575680392
0.89655435765
0.896532791612
0.896510941808
0.896489041155
0.896467046928
0.896445204441
0.896423469818
0.896401808286
0.8963806447
0.896360153333
0.896340322468
0.896320986217
0.896302540823
0.896285145507
0.896268798681
0.89625350873
0.896239268811
0.896226062206
0.896213903637
0.896202779541
0.896192655512
0.896183502409
0.896175227451
0.896167756115
0.896161049879
0.896155058117
0.896149715842
0.896144945709
0.896140606587
0.896136728711
0.89613327853
0.896130209455
0.896127482503
0.896125052516
0.896122897911
0.896120981093
0.896119275191
0.896117764617
0.896116427214
0.896115242891
0.896114185277
0.896113237215
0.896112386874
0.896111617567
0.896110931721
0.896110319253
0.89610977339
0.896109286452
0.89610885165
0.896108462994
0.896108115215
0.896107803696
0.896107521176
0.89610726654
0.896107037399
0.896106830443
0.896106643923
0.896106475635
0.896106323629
0.896106186177
0.896106061749
0.896105948985
0.896105846681
0.896105753765
0.896105669286
0.896105592399
0.896105522349
0.896105458038
0.896105399304
0.896105344393
0.896105293922
0.896105247687
0.896105205297
0.896105166401
0.896105130685
0.896105097863
0.896105067679
0.896105039902
0.896105014324
0.896104990755
0.896104969026
0.89610494898
0.896104930477
0.896104913391
0.896104897604
0.896104883011
0.896104869384
0.896104856518
0.896104844607
0.896104833577
0.89610482336
0.896104813892
0.896104805116
0.896104796978
0.896104789431
0.896104782429
0.896104775931
0.896104769901
0.896104764302
0.896104759103
0.896104754275
0.89610474979
0.896104745623
0.896104741751
0.896104738152
0.896104734808
0.896104731698
0.896104728801
0.896104726098
0.896104723585
0.896104721247
0.896104719073
0.89610471705
0.896104715168
0.896104713417
0.896104711788
0.896104710272
0.896104708861
0.896104707548
0.896104706326
0.896104705188
0.896104704129
0.896104703143
0.896104702225
0.896104701371
0.896104700575
0.896104699834
0.896104699144
0.896104698502
0.896104697903
0.896104697346
0.896104696827
0.896104696344
0.896104695894
0.896104695475
0.896104695084
0.896104694721
0.896104694382
0.896104694066
0.896104693772
0.896104693498
0.896104693243
0.896104693005
0.896104692784
0.896104692578
0.896104692385
0.896104692206
0.896104692039
0.896104691884
0.896104691739
0.896104691604
0.896104691478
0.896104691361
0.896104691252
0.89610469115
0.896104691055
0.896104690967
0.896104690884
0.896104690808
0.896104690736
0.896104690669
0.896104690607
0.896104690549
0.896104690495
