0.994325345815
0.784184272313
0.745702016973
0.730896626435
0.723159622979
0.718563322127
0.715546829669
0.713389039695
0.711731834904
0.710400883061
0.709300682709
0.708367539696
0.707563248909
0.706861729517
0.706246012245
0.705705134481
0.705232658335
0.704823477014
0.704469447866
0.704161739816
0.703891130596
0.703648846206
0.703427751135
0.70322254318
0.703029700721
0.702848436685
0.702679596008
0.702524408788
0.702383748174
0.702257394636
0.702144055499
0.702041835831
0.70194877856
0.701863136545
0.701783592823
0.701709054896
0.701638483005
0.701571174428
0.701506832979
0.701444944443
0.70138525274
0.701327552435
0.701271797448
0.701218032386
0.7011662661
0.701116663323
0.701069499901
0.701024892829
0.700982904564
0.700943524244
0.700906611888
0.700872113344
0.700839994648
0.700810126799
0.700782336216
0.700756230936
0.700731898368
0.700709143949
0.70068777913
0.700667603785
0.700648436541
0.700630139261
0.700612565666
0.700595574131
0.700579045121
0.700562890563
0.700547006851
0.700531364016
0.70051590017
0.700500600661
0.700485438532
0.70047039487
0.700455367897
0.700440419126
0.700425557946
0.700410780465
0.700396084302
0.700381463543
0.700366901709
0.700352399716
0.700337943302
0.700323512444
0.700309060182
0.700294585395
0.700280040035
0.700265405657
0.700250676733
0.700235849121
0.700220937233
0.700205978013
0.700191028856
0.700176134572
0.70016135493
0.700146785808
0.700132482212
0.700118478301
0.700104780766
0.700091405071
0.700078375232
0.700065699509
0.700053385486
0.700041439523
0.700029863719
0.700018655067
0.700007822653
0.699997366109
0.699987283228
0.699977570441
0.699968221106
0.699959209785
0.699950552056
0.699942241911
0.699934272947
0.699926629761
0.699919310612
0.699912311257
0.699905623484
0.69989923851
0.699893146872
0.699887338934
0.699881804721
0.699876533496
0.699871513973
0.699866734716
0.699862175939
0.699857827722
0.699853684638
0.699849734351
0.69984595694
0.699842340249
0.69983888019
0.69983556524
0.699832384384
0.699829327437
0.699826385408
0.699823550636
0.699820817059
0.699818180323
0.69981563783
0.699813188576
0.699810832982
0.699808572489
0.699806409074
0.699804344744
0.699802381117
0.699800519139
0.699798758981
0.699797096985
0.699795524018
0.699794047749
0.69979266509
0.699791372526
0.69979016621
0.699789042131
0.699787996018
0.699787015099
0.699786104576
0.699785259268
0.699784466505
0.69978373283
0.699783054878
0.69978242946
0.699781853563
0.699781324384
0.699780839263
0.6997803957
0.699779991346
0.699779623996
0.699779291585
0.699778992187
0.699778724004
0.699778485342
0.699778274596
0.699778090271
0.699777930974
0.699777795394
0.6997776823
0.699777590536
0.69977751901
0.69977746669
0.699777432597
0.699777415796
0.699777415401
0.699777430556
0.699777460432
0.699777504223
0.69977756114
0.699777630396
0.699777710429
0.699777796251
0.699777892033
0.699777996921
0.699778110016
0.699778230376
0.699778356969
0.699778488662
0.699778624193
0.699778762201
0.699778901145
0.699779039198
