0.14286863104
0.142919688542
0.142923428032
0.142923672866
0.142923615568
0.14292352599
0.142923426899
0.142923319732
0.142923204043
0.14292307918
0.142922944425
0.142922799004
0.142922642084
0.142922472769
0.142922290095
0.142922093025
0.142921880447
0.142921651163
0.142921403889
0.142921137245
0.142920849753
0.142920539825
0.142920205762
0.142919845745
0.142919457824
0.142919039918
0.142918589802
0.142918105099
0.142917583279
0.142917021641
0.142916417317
0.142915767254
0.142915068216
0.142914316771
0.14291350929
0.14291264194
0.14291171068
0.14291071126
0.14290963922
0.142908489891
0.142907258399
0.142905939671
0.142904528448
0.142903019292
0.142901406609
0.142899684667
0.142897847627
0.142895889571
0.142893804544
0.142891586597
0.14288922984
0.142886728497
0.142884076978
0.142881269947
0.142878302402
0.142875169763
0.142871867964
0.142868393549
0.142864743771
0.142860916699
0.142856911315
0.142852727615
0.142848366707
0.142843830898
0.142839123765
0.142834250227
0.142829216583
0.142824030545
0.142818701237
0.142813239178
0.142807656235
0.142801965549
0.142796181436
0.14279031926
0.142784395284
0.142778426498
0.142772430427
0.142766424932
0.142760427997
0.142754457513
0.142748531065
0.14274266573
0.142736877882
0.142731183014
0.142725595588
0.142720128901
0.142714794981
0.142709604507
0.142704566761
0.142699689599
0.142694979458
0.142690441374
0.142686079026
0.142681894804
0.142677889876
0.142674064283
0.14267041703
0.142666946189
0.142663649
0.142660521982
0.142657561025
0.142654761499
0.14265211834
0.142649626143
0.142647279243
0.142645071788
0.142642997809
0.142641051276
0.142639226155
0.142637516452
0.142635916254
0.142634419758
0.142633021304
0.142631715394
0.142630496708
0.142629360123
0.142628300717
0.14262731378
0.142626394814
0.142625539535
0.142624743876
0.142624003977
0.14262331619
0.142622677067
0.142622083357
0.142621531999
0.142621020116
0.142620545003
0.142620104127
0.142619695111
0.142619315731
0.142618963909
0.1426186377
0.14261833529
0.142618054985
0.142617795207
0.142617554484
0.142617331446
0.142617124816
0.142616933409
0.142616756118
0.142616591919
0.142616439857
0.142616299046
0.142616168662
0.142616047942
0.142615936176
0.142615832706
0.142615736921
0.142615648254
0.142615566181
0.142615490214
0.142615419902
0.142615354825
0.142615294596
0.142615238857
0.142615187272
0.142615139535
0.142615095358
0.142615054479
0.14261501665
0.142614981646
0.142614949255
0.142614919284
0.142614891551
0.142614865891
0.142614842148
0.14261482018
0.142614799853
0.142614781047
0.142614763646
0.142614747547
0.142614732651
0.14261471887
0.142614706119
0.142614694322
0.142614683408
0.14261467331
0.142614663968
0.142614655324
0.142614647328
0.14261463993
0.142614633085
0.142614626753
0.142614620894
0.142614615474
0.14261461046
0.142614605821
0.142614601529
0.142614597559
0.142614593885
0.142614590487
0.142614587343
0.142614584434
0.142614581744
0.142614579254
0.142614576951
0.14261457482
0.142614572849
0.142614571026
