1.61364417477
1.21976916181
1.13018117276
1.11945961604
1.11493756194
1.11257040933
1.11114167667
1.11017196971
1.10944432618
1.10885448298
1.10834890162
1.10789760798
1.10748578729
1.10710422902
1.10674687717
1.10641099721
1.10609443604
1.10579472799
1.1055104605
1.10524096709
1.10498534645
1.10474244206
1.10451143416
1.10429206657
1.10408335286
1.10388438941
1.10369455336
1.10351381884
1.10334238827
1.10317946224
1.10302481784
1.1028776796
1.10273760325
1.10260411365
1.10247700635
1.10235633274
1.10224165583
1.10213248496
1.10202882753
1.10193071747
1.10183751619
1.10174848028
1.10166359851
1.10158253963
1.10150527605
1.10143164523
1.10136120542
1.10129377385
1.10122921677
1.1011673874
1.10110820627
1.10105161861
1.10099725745
1.10094495221
1.10089466983
1.10084643332
1.10080007842
1.10075523356
1.10071175998
1.10066972351
1.10062894165
1.10058936357
1.10055118351
1.10051424531
1.10047838951
1.10044353122
1.10040946674
1.10037623331
1.1003434218
1.10031115863
1.10027939409
1.10024833141
1.10021782777
1.10018776373
1.10015814811
1.10012919627
1.10010082614
1.100072707
1.10004487325
1.10001741294
1.09999034028
1.09996361283
1.09993706494
1.09991079991
1.09988488827
1.09985935515
1.09983422099
1.09980941765
1.09978500866
1.09976084233
1.09973699733
1.09971339728
1.09969008651
1.09966710283
1.09964440997
1.09962198489
1.09959987798
1.0995780044
1.09955637924
1.09953507443
1.09951393492
1.09949305244
1.09947235655
1.09945194027
1.09943183943
1.09941200796
1.09939244559
1.09937316042
1.09935405523
1.09933524267
1.09931667199
1.09929840364
1.09928038746
1.09926264043
1.0992451511
1.0992279695
1.0992109603
1.0991941924
1.09917776096
1.09916162216
1.09914568336
1.09912996502
1.09911450316
1.09909930067
1.0990842733
1.09906949482
1.09905489086
1.09904050836
1.09902632619
1.09901244434
1.0989988125
1.09898532852
1.0989719862
1.09895883866
1.0989458722
1.0989330691
1.09892050824
1.09890808733
1.09889587679
1.09888387155
1.0988720284
1.09886036487
1.09884892836
1.09883777391
1.09882675724
1.09881591147
1.09880529047
1.09879486429
1.09878459179
1.09877452662
1.09876466605
1.09875501895
1.09874560655
1.09873641069
1.09872737092
1.09871835914
1.09870950637
1.0987008529
1.09869236534
1.09868406159
1.09867591606
1.09866792291
1.09866003652
1.09865228545
1.09864461527
1.09863710293
1.09862976077
1.09862252747
1.09861542737
1.09860843983
1.09860157075
1.0985947998
1.09858813469
1.0985816034
1.09857521493
1.09856894309
1.09856279824
1.09855677563
1.09855093042
1.09854522171
1.09853962904
1.0985341464
1.09852882798
1.09852364449
1.09851856732
1.09851360164
1.098508741
1.09850398185
1.09849929992
1.09849469708
1.09849016427
1.09848572597
1.09848137867
1.09847712933
1.09847294795
1.0984688407
1.09846477427
1.09846078336
1.09845686824
1.09845303129
