0.443577499384
0.435837442834
0.412373052799
0.351460393412
0.334067509049
0.329340839417
0.32541641583
0.322112032713
0.319209159467
0.317334607172
0.317279605973
0.317134826386
0.316933156871
0.316206444635
0.316084895157
0.316154018638
0.316447717715
0.316088650275
0.316270938519
0.315723218708
0.316412090228
0.315738511125
0.315866891722
0.315676852417
0.315949309134
0.315358382453
0.31580308653
0.315866587677
0.316055224242
0.315580874759
0.315689593102
0.315734340875
0.316006664917
0.315743457046
0.315902700388
0.315488013267
0.315605111407
0.315573774764
0.31578512094
0.315548601118
0.31611027644
0.31588734434
0.314936305684
0.315433795988
0.315213448158
0.315708197647
0.315466537042
0.315810179681
0.315761800738
0.31559337405
0.315975382593
0.315719984737
0.315877248052
0.315390814502
0.315493175144
0.315251944225
0.31576019445
0.315476269809
0.315774526694
0.315626963542
0.315635041915
