0.141642219978
0.138653802203
0.13763740183
0.13693150105
0.136444997711
0.136240909138
0.13615015543
0.136114882153
0.136083639334
0.136072867526
0.136077123993
0.136077123993
0.136077123993
0.136077123993
0.136077123993
0.136077123993
0.136077123993
0.136077123993
0.136077123993
0.136077123993
0.136077123993
0.136077123993
0.136077123993
0.136077123993
0.136077123993
0.136077123993
0.136077123993
0.136077123993
0.136077123993
0.136077123993
0.136077123993
0.136077123993
0.136077123993
0.136077123993
0.136077123993
0.136077123993
0.136077123993
0.136077123993
0.136077123993
0.136077123993
0.136077123993
0.136077123993
0.136077123993
0.136077123993
0.136077123993
0.136077123993
0.136077123993
0.136077123993
0.136077123993
0.136077123993
0.136077123993
0.136077123993
0.136077123993
0.136077123993
0.136077123993
0.136077123993
0.136077123993
0.136077123993
0.136077123993
0.136077123993
0.136077123993
0.136077123993
0.136077123993
0.136077123993
0.136077123993
0.136077123993
0.136077123993
0.136077123993
0.136077123993
0.136077123993
0.136077123993
0.136077123993
0.136077123993
0.136077123993
0.136077123993
0.136077123993
0.136077123993
0.136077123993
0.136077123993
0.136077123993
0.136077123993
0.136077123993
0.136077123993
0.136077123993
0.136077123993
0.136077123993
0.136077123993
0.136077123993
0.136077123993
0.136077123993
0.136077123993
0.136077123993
0.136077123993
0.136077123993
0.136077123993
0.136077123993
0.136077123993
0.136077123993
0.136077123993
0.136077123993
0.136077123993
0.136077123993
0.136077123993
0.136077123993
0.136077123993
0.136077123993
0.136077123993
0.136077123993
0.136077123993
0.136077123993
0.136077123993
0.136077123993
0.136077123993
0.136077123993
0.136077123993
0.136077123993
0.136077123993
0.136077123993
0.136077123993
0.136077123993
0.136077123993
0.136077123993
0.136077123993
0.136077123993
0.136077123993
0.136077123993
0.136077123993
0.136077123993
0.136077123993
0.136077123993
0.136077123993
0.136077123993
0.136077123993
0.136077123993
0.136077123993
0.136077123993
0.136077123993
0.136077123993
0.136077123993
0.136077123993
0.136077123993
0.136077123993
0.136077123993
0.136077123993
0.136077123993
0.136077123993
0.136077123993
0.136077123993
0.136077123993
0.136077123993
0.136077123993
0.136077123993
0.136077123993
0.136077123993
0.136077123993
0.136077123993
0.136077123993
0.136077123993
0.136077123993
0.136077123993
0.136077123993
0.136077123993
0.136077123993
0.136077123993
0.136077123993
0.136077123993
0.136077123993
0.136077123993
0.136077123993
0.136077123993
0.136077123993
0.136077123993
0.136077123993
0.136077123993
0.136077123993
0.136077123993
0.136077123993
0.136077123993
0.136077123993
0.136077123993
0.136077123993
0.136077123993
0.136077123993
0.136077123993
0.136077123993
0.136077123993
0.136077123993
0.136077123993
0.136077123993
0.136077123993
0.136077123993
0.136077123993
0.136077123993
0.136077123993
0.136077123993
0.136077123993
0.136077123993
0.136077123993
0.136077123993
0.136077123993
