0.323658548307
0.317479234138
0.306933683769
0.300536725527
0.294184765929
0.292054248709
0.291734873783
0.291537361175
0.291367234831
0.291653527367
0.291661638069
0.291661638069
0.291661638069
0.291661638069
0.291661638069
0.291661638069
0.291661638069
0.291661638069
0.291661638069
0.291661638069
0.291661638069
0.291661638069
0.291661638069
0.291661638069
0.291661638069
0.291661638069
0.291661638069
0.291661638069
0.291661638069
0.291661638069
0.291661638069
0.291661638069
0.291661638069
0.291661638069
0.291661638069
0.291661638069
0.291661638069
0.291661638069
0.291661638069
0.291661638069
0.291661638069
0.291661638069
0.291661638069
0.291661638069
0.291661638069
0.291661638069
0.291661638069
0.291661638069
0.291661638069
0.291661638069
0.291661638069
0.291661638069
0.291661638069
0.291661638069
0.291661638069
0.291661638069
0.291661638069
0.291661638069
0.291661638069
0.291661638069
0.291661638069
0.291661638069
0.291661638069
0.291661638069
0.291661638069
0.291661638069
0.291661638069
0.291661638069
0.291661638069
0.291661638069
0.291661638069
0.291661638069
0.291661638069
0.291661638069
0.291661638069
0.291661638069
0.291661638069
0.291661638069
0.291661638069
0.291661638069
0.291661638069
0.291661638069
0.291661638069
0.291661638069
0.291661638069
0.291661638069
0.291661638069
0.291661638069
0.291661638069
0.291661638069
0.291661638069
0.291661638069
0.291661638069
0.291661638069
0.291661638069
0.291661638069
0.291661638069
0.291661638069
0.291661638069
0.291661638069
0.291661638069
0.291661638069
0.291661638069
0.291661638069
0.291661638069
0.291661638069
0.291661638069
0.291661638069
0.291661638069
0.291661638069
0.291661638069
0.291661638069
0.291661638069
0.291661638069
0.291661638069
0.291661638069
0.291661638069
0.291661638069
0.291661638069
0.291661638069
0.291661638069
0.291661638069
0.291661638069
0.291661638069
0.291661638069
0.291661638069
0.291661638069
0.291661638069
0.291661638069
0.291661638069
0.291661638069
0.291661638069
0.291661638069
0.291661638069
0.291661638069
0.291661638069
0.291661638069
0.291661638069
0.291661638069
0.291661638069
0.291661638069
0.291661638069
0.291661638069
0.291661638069
0.291661638069
0.291661638069
0.291661638069
0.291661638069
0.291661638069
0.291661638069
0.291661638069
0.291661638069
0.291661638069
0.291661638069
0.291661638069
0.291661638069
0.291661638069
0.291661638069
0.291661638069
0.291661638069
0.291661638069
0.291661638069
0.291661638069
0.291661638069
0.291661638069
0.291661638069
0.291661638069
0.291661638069
0.291661638069
0.291661638069
0.291661638069
0.291661638069
0.291661638069
0.291661638069
0.291661638069
0.291661638069
0.291661638069
0.291661638069
0.291661638069
0.291661638069
0.291661638069
0.291661638069
0.291661638069
0.291661638069
0.291661638069
0.291661638069
0.291661638069
0.291661638069
0.291661638069
0.291661638069
0.291661638069
0.291661638069
0.291661638069
0.291661638069
0.291661638069
0.291661638069
0.291661638069
0.291661638069
0.291661638069
0.291661638069
