1.22229286933
0.998922554938
0.949996191628
0.929284659343
0.920101411013
0.91704026129
0.914428532999
0.913987961467
0.913429371187
0.912890785099
0.912703389456
0.912125742688
0.912395812308
0.912060734337
0.912422026535
0.912018548512
0.911925872316
0.912027721029
0.911894709754
0.911773924626
0.911778113782
0.911180544154
0.911282066432
0.911241387273
0.911129546978
0.910932736463
0.911098505961
0.910701605015
0.911294308488
0.911336783251
0.911060895704
0.910935453669
0.911172842548
0.910643582077
0.910378719108
0.910649692084
0.910728070364
0.910519520141
0.910519577135
0.910485413313
0.910304367567
0.910503954773
0.910741092052
0.910460789696
0.910375052603
0.909762552234
0.910357039437
0.910451801166
0.909819401561
0.910274278112
0.910094963353
0.910123763615
0.910658791706
0.910413097301
0.910595109245
0.910937576569
0.910567244895
0.910210925079
0.910524485028
0.910333691657
0.910272925816
0.910167047488
0.910571156199
0.910423655451
0.910441826655
0.910795467261
0.91090204089
0.91023935145
0.910644874431
0.910494463063
0.910617750685
0.910478275111
0.910233219834
0.910365029514
0.910538025257
0.910106613747
0.9107686384
0.910806223388
0.910891446429
0.910527171399
0.910294996277
0.910223091583
0.910203046344
0.910242564916
0.910267518973
0.91008486666
0.911001170198
0.910894721642
0.910525583563
0.910347315588
0.909996568884
0.91009437376
0.91035116493
0.910790036275
0.909919546046
0.910263105893
0.910342876598
0.909817828603
0.910802899799
0.910235635818
0.910437304424
0.910444974631
0.910175550103
0.910175636682
0.910549202318
0.91059411525
0.910342090806
0.910850439759
0.910019829654
0.910073353679
0.910351336523
0.911254046964
0.910447891486
0.910979768335
0.910335408272
0.910208029894
0.910107772867
0.910292012373
0.910448115067
0.91067239899
0.91035847729
0.910080071034
0.91000222474
0.910400447828
0.909857871363
0.911102367145
0.910277305104
0.910472699014
0.911007138435
0.910749098414
0.910808450274
0.910440914936
0.910492180647
0.910199450461
0.910108888512
0.910439048982
0.910808278062
0.910698592386
0.910387200401
0.910258506484
0.910631297299
0.910974083571
0.910735231775
0.910866814636
0.91042013503
0.910990894414
0.91035914985
0.91048170437
0.910964094101
0.91014839549
0.910139666097
0.910901571296
0.909987221593
0.910296904421
0.91027541131
0.910316586665
0.910306017568
0.910265579454
0.909820709858
0.910540573579
0.910402821572
0.910521039682
0.910180800548
0.910152099973
0.91064737583
0.910096379598
0.910673638286
0.910275707231
0.909974464525
0.910040367843
0.910560556941
0.910834357318
0.910329377298
0.909676494426
0.910354473508
0.910168979752
0.910353826271
0.910327851473
0.91015568267
0.910325326616
0.910917522231
0.910510729049
0.910556810752
0.90993702036
0.910096034016
0.910052994939
0.91044822858
0.910393036203
0.910259722064
0.910306141817
0.910239678467
0.910615441079
0.910385799888
0.910363534399
0.910312050922
0.910781852849
0.910473204509
0.910742596627
0.910033741221
0.910451942566
