1.05716822178
1.02091818616
0.967412006053
0.90730488245
0.895196783364
0.892433823478
0.890869557598
0.889072142216
0.882890755988
0.869953953819
0.861060839706
0.856713141488
0.853135141765
0.849579109637
0.845341694184
0.838671545767
0.831114662155
0.823813882839
0.816899503197
0.812619762273
0.808918821726
0.805637842912
0.803752573869
0.802338596181
0.800207684152
0.798347720208
0.795607680603
0.794841365947
0.791797647611
0.790421034549
0.789895090172
0.786999503611
0.787222967365
0.786687871226
0.784269729095
0.784224713572
0.781073785854
0.781649631114
0.780879291808
0.778980478775
0.777539435884
0.777727451987
0.777469949664
0.776375528548
0.775481966673
0.772447553748
0.772294421991
0.770530931842
0.770620524813
0.771034788711
0.769378240057
0.769210292901
0.769321865026
0.768029992004
0.767891865824
0.768768934102
0.768274729984
0.768487319364
0.768679278082
0.767629072081
0.767742111826
0.76775148399
0.768314870441
0.769138637258
0.769521015968
0.76851736143
0.766448965467
0.769044994247
0.767663055906
0.767639770183
0.76876766447
0.767991095684
0.767908811585
0.768893506982
0.76902176746
0.76792943666
0.768869453279
0.768943831467
0.768330061675
0.768767675865
0.768562666153
0.769215560996
0.768283090405
0.766782919109
0.767439867899
0.76697338977
0.767419420582
0.767624248837
0.76847153964
0.768773127289
0.768347638707
0.766949403495
0.767006531173
0.768177699946
0.766311300941
0.766543644653
0.767436112504
0.76755585669
0.767695090954
0.766084490001
0.768859771665
0.766313841539
0.768962308647
0.768008901612
0.76783364914
0.767747595116
0.76832431571
0.768507477946
0.767401177641
0.767079951057
0.767339932656
0.766277252669
0.766676269429
0.768183270369
0.766895261303
0.767226148275
0.767133375151
0.767358110182
0.767415170151
0.766793009182
0.765988458278
0.767332656167
0.765983172033
0.765550487859
0.766145211804
0.766913808173
0.766122253705
0.767010053609
0.766316551074
0.765671117078
0.766412440727
0.767440746276
0.768183118852
0.766885405792
0.767829961495
0.76696554506
0.767913330653
0.76733149769
0.766949047354
0.766570200144
0.767337278192
0.76693736828
0.766792887982
0.766837660064
0.765789240435
0.76542973346
0.767139907676
0.766681685585
0.767904520085
0.768710282003
0.765976091968
0.767529510739
0.768400785536
0.768316268873
0.768380973876
0.767425038323
0.768254716382
0.767766379953
0.767527532061
0.767604888977
0.76769200932
0.766975841505
0.768734511162
0.768228115896
0.767761720965
0.768590588502
0.767761067753
0.767934882969
0.766964588145
0.768218514158
0.766651055686
0.767298462937
0.766538342453
0.767326152878
0.768411601705
0.769288366996
0.768062492186
0.768742056886
0.767998651213
0.768422912391
0.768314912529
0.768264404241
0.767232375293
0.765206388416
0.766295333633
0.765651095463
0.766983266304
0.766037021188
0.766364742898
0.767684814889
0.767519901234
0.767317714546
0.765806455972
0.768167939672
0.767767587577
0.767025573689
0.766817674137
0.7680246735
0.767122597328
0.768077967846
