1.61168887991
1.54341503888
1.33336242311
1.26574363113
1.25945320531
1.25748949278
1.25810529718
1.25790899164
1.2569776348
1.25689531491
1.25628033332
1.25561613565
1.25539681493
1.25542323504
1.25473423879
1.25459938471
1.25443899652
1.25445996553
1.25391278343
1.25326606906
1.25384607119
1.25312710571
1.25344197091
1.25265558245
1.25289243
1.25191967699
1.25219296527
1.25253367643
1.25229210747
1.25117449092
1.25050546881
1.25108314901
1.25162729676
1.25055172477
1.25079258285
1.2506520692
1.25021689873
1.25058584681
1.25026333451
1.25031797917
1.2497416777
1.24950210754
1.24946572975
1.24908581271
1.24950506653
1.24970257596
1.24908328215
1.24949490937
1.24898993047
1.24862874411
1.24917522551
1.24928633457
1.24858683659
1.24893166226
1.24895639432
1.2488664793
1.24906921777
1.24886626361
1.24841100459
1.24886148297
1.24855756083
1.24870331345
1.24837390809
1.24836881769
1.2482142546
1.24834673248
1.24769491132
1.24761556039
1.24786769241
1.2480127354
1.24792483154
1.24787168098
1.24780726479
1.24753416332
1.24785143354
1.24772343828
1.2477988429
1.24819061058
1.24761181141
1.24742790713
1.24729674417
1.24681040444
1.24782421888
1.24710320408
1.24738093593
1.24767746611
1.24748796292
1.24670038652
1.24704152506
1.24756980783
1.24755374021
1.24781784451
1.24724817884
1.24707391312
1.24651149053
1.24649296294
1.24706441107
1.24725913751
1.24752345668
1.24724168406
1.2470316681
1.24684946773
1.24705615158
1.24702303221
1.24668831213
1.24698109472
1.24700698408
1.24702833398
1.24658282269
1.24679378074
1.24685553367
1.24622053623
1.24677226908
1.24676665441
1.24743222722
1.2464368186
1.24659284623
1.24708518313
1.24662086028
1.24672979673
1.24687447922
1.24673550724
1.24675477153
1.2469911741
1.24606424726
1.24694265379
1.24703932673
1.24720686605
1.24633767071
1.24677609081
1.24649480175
1.24648556492
1.24716630132
1.24720784199
1.24714990172
1.24688170905
1.24665574246
1.24642400726
1.24741838642
1.24695882001
1.2469056164
1.24713161547
1.24636868017
1.24741306733
1.24680164943
1.24648661528
1.24697826154
1.24606153074
1.24644283115
1.24740521975
1.24649888501
1.24695439515
1.24693961882
1.24684018082
1.2464609916
1.24687569862
1.24678647262
1.24646849629
1.24652184698
1.24678062046
1.24720116579
1.24727387927
1.24637171183
1.24708809746
1.2465491981
1.24697917726
1.24683556673
1.24680938911
1.24697056216
1.24656217682
1.2464538944
1.24663667258
1.24709435902
1.24675676183
1.2475094179
1.2469005343
1.24703597504
1.24661323399
1.24650140922
1.24696116194
1.24682675525
1.24638166184
1.24655464992
1.24658391983
1.24685154524
1.24669259475
1.24615151246
1.24680155359
1.24646648138
1.24617892602
1.24661191573
1.24662722126
1.24672321401
1.2466631608
1.24607534242
1.24643081715
1.24621914959
1.24635101543
1.24658486936
1.24641560382
